<?xml version="1.0"?>
<opencv_storage>
<calibration_Time>"12/06/13 18:47:34"</calibration_Time>
<nrOfFrames>50</nrOfFrames>
<image_Width>644</image_Width>
<image_Height>486</image_Height>
<board_Width>8</board_Width>
<board_Height>6</board_Height>
<square_Size>137.</square_Size>
<FixAspectRatio>1.</FixAspectRatio>
<!-- flags:  +fix_aspectRatio +fix_principal_point +zero_tangent_dist -->
<flagValue>14</flagValue>
<Camera_Matrix type_id="opencv-matrix">
  <rows>3</rows>
  <cols>3</cols>
  <dt>d</dt>
  <data>
    3.3898781929984699e+002 0. 3.2150000000000000e+002 0.
    3.3898781929984699e+002 2.4250000000000000e+002 0. 0. 1.</data></Camera_Matrix>
<Distortion_Coefficients type_id="opencv-matrix">
  <rows>5</rows>
  <cols>1</cols>
  <dt>d</dt>
  <data>
    -2.1755701717967785e-001 8.1911432593787845e-002 0. 0.
    -1.9359802284055223e-002</data></Distortion_Coefficients>
<Avg_Reprojection_Error>2.5892885070616234e-001</Avg_Reprojection_Error>
<Per_View_Reprojection_Errors type_id="opencv-matrix">
  <rows>50</rows>
  <cols>1</cols>
  <dt>f</dt>
  <data>
    2.16816276e-001 1.95558280e-001 2.46976569e-001 2.14232311e-001
    2.15732962e-001 2.11053818e-001 2.09100202e-001 2.37994313e-001
    2.35042050e-001 2.22916484e-001 2.43162647e-001 2.35402972e-001
    2.38146663e-001 2.57495522e-001 2.53157586e-001 2.59103656e-001
    2.57219732e-001 2.66853124e-001 2.74564445e-001 2.68697411e-001
    2.82712191e-001 2.77884066e-001 2.78411508e-001 2.87113905e-001
    2.85649896e-001 2.92383254e-001 2.75823861e-001 2.75753170e-001
    2.96767175e-001 2.70985842e-001 2.92549908e-001 2.93182135e-001
    2.84393936e-001 2.77083546e-001 2.76711047e-001 2.76083320e-001
    2.48963639e-001 2.50526994e-001 2.73575842e-001 2.47052997e-001
    2.73769647e-001 2.62881845e-001 2.32469127e-001 2.69694030e-001
    2.51012772e-001 2.56108195e-001 2.51500368e-001 2.68985957e-001
    2.46362209e-001 2.71645993e-001</data></Per_View_Reprojection_Errors>
<!-- a set of 6-tuples (rotation vector + translation vector) for each view -->
<Extrinsic_Parameters type_id="opencv-matrix">
  <rows>50</rows>
  <cols>6</cols>
  <dt>d</dt>
  <data>
    1.5783976566503150e-001 -5.0179377979741834e-002
    6.1187170828630004e-002 -1.0367602393118666e+003
    -6.7780297819504096e+002 1.0713007980610589e+003
    1.5795572796940283e-001 -5.2444409798243045e-002
    6.1534834605965059e-002 -1.0365405336569959e+003
    -6.7671743066368651e+002 1.0703581609038026e+003
    1.5791713152245862e-001 -5.2337236525864229e-002
    6.2071101526498543e-002 -1.0361458289996226e+003
    -6.7529814605938691e+002 1.0700732714072997e+003
    1.5848033597493269e-001 -5.4100018724987764e-002
    6.2154470141895242e-002 -1.0360119847576434e+003
    -6.7376527401047542e+002 1.0691062755735820e+003
    1.5796963831389196e-001 -5.5383472920966056e-002
    6.2278527790997851e-002 -1.0352647694164050e+003
    -6.7242130425688015e+002 1.0682943922407237e+003
    1.5777334515953229e-001 -5.5482473983225158e-002
    6.2561645527507828e-002 -1.0352248128285869e+003
    -6.7090468644929422e+002 1.0686037451293232e+003
    1.5781319912118677e-001 -5.7276856733257123e-002
    6.2846438136596836e-002 -1.0344659011215188e+003
    -6.6977576846044053e+002 1.0676115772095293e+003
    1.5659620158477075e-001 -5.8500175618285688e-002
    6.2783736226579373e-002 -1.0339430464343643e+003
    -6.6853994950810318e+002 1.0668875441780845e+003
    1.5795767437342745e-001 -5.9435269768592917e-002
    6.3913100681924420e-002 -1.0335703205074401e+003
    -6.6795688364968146e+002 1.0663304434224365e+003
    1.5637916309168184e-001 -6.1354037919125734e-002
    6.3678092677511816e-002 -1.0333372004049190e+003
    -6.6727437809838716e+002 1.0659650512814296e+003
    1.5534969546284569e-001 -6.2987200222151624e-002
    6.3611804879011344e-002 -1.0331689900982892e+003
    -6.6643878935552959e+002 1.0653947312116698e+003
    1.5694382270370877e-001 -6.4303296656394171e-002
    6.4212054862156392e-002 -1.0330161264680692e+003
    -6.6634716329542232e+002 1.0647767881936370e+003
    1.5528829076039996e-001 -6.5818915889186716e-002
    6.4129329004564001e-002 -1.0328532643030314e+003
    -6.6563165399271679e+002 1.0644539200195220e+003
    1.5384336706630167e-001 -6.6777508522795140e-002
    6.4556172746580473e-002 -1.0324536312992657e+003
    -6.6513407042648896e+002 1.0641969247077943e+003
    1.5513075881511118e-001 -6.7882998979212628e-002
    6.5112558919809979e-002 -1.0323123431945919e+003
    -6.6497652079722729e+002 1.0636989582840706e+003
    1.5336042573918046e-001 -6.9354948255293772e-002
    6.5368859844179394e-002 -1.0320476873279392e+003
    -6.6439997708275769e+002 1.0635936870000885e+003
    1.5221814578733206e-001 -7.0439242077118880e-002
    6.5779884484699486e-002 -1.0314402737503078e+003
    -6.6384822311803373e+002 1.0636277389801082e+003
    1.5305162405623657e-001 -7.1056198291709685e-002
    6.6088994710613316e-002 -1.0313421752161094e+003
    -6.6374642294892669e+002 1.0632482041253743e+003
    1.5109229485019998e-001 -7.1667120940305307e-002
    6.6178204811833105e-002 -1.0307728846169457e+003
    -6.6319760375750730e+002 1.0634791167512435e+003
    1.4923794462411125e-001 -7.2118582743760928e-002
    6.6412214687136387e-002 -1.0300938802111029e+003
    -6.6285194407485199e+002 1.0640432637096906e+003
    1.4972822671813715e-001 -7.2165251408842154e-002
    6.6318925146672952e-002 -1.0300925916947670e+003
    -6.6271168425763983e+002 1.0637903022574872e+003
    1.4787687773510966e-001 -7.2954715653479760e-002
    6.6633403950445799e-002 -1.0294067347606913e+003
    -6.6246377294434558e+002 1.0642994511518987e+003
    1.4655045516871432e-001 -7.3111044601312208e-002
    6.6878031824236212e-002 -1.0288695938630469e+003
    -6.6229102105629795e+002 1.0649675759883864e+003
    1.4702883082171248e-001 -7.3038966356625434e-002
    6.6846378282699487e-002 -1.0288368468603510e+003
    -6.6218239150188265e+002 1.0647306966602996e+003
    1.4533970861240333e-001 -7.3359040512786480e-002
    6.7056461165148434e-002 -1.0283569979372439e+003
    -6.6210825762776267e+002 1.0654791093095614e+003
    1.4432580042373372e-001 -7.2471418653506786e-002
    6.7185032272943548e-002 -1.0280995751137823e+003
    -6.6183958455498168e+002 1.0665167780601200e+003
    1.4524450249034901e-001 -7.2853948780763830e-002
    6.7420269158639953e-002 -1.0279636149539463e+003
    -6.6179320499899961e+002 1.0660589479009552e+003
    1.4467519903561002e-001 -7.2272514202366342e-002
    6.7718128572959030e-002 -1.0276005066923224e+003
    -6.6148804605197211e+002 1.0668794506671809e+003
    1.4501851761254994e-001 -7.2263179761263868e-002
    6.8540770688730365e-002 -1.0266635628696790e+003
    -6.6115284531459031e+002 1.0667700303216811e+003
    1.4483624456221555e-001 -7.2077718644265709e-002
    6.8525735821736808e-002 -1.0267228207104738e+003
    -6.6026535308209407e+002 1.0672436847729341e+003
    1.4453993219733702e-001 -7.1220071278228742e-002
    6.9443555022677739e-002 -1.0259090206667031e+003
    -6.5916800348507320e+002 1.0681247979936256e+003
    1.4282968328536233e-001 -7.1230223677261770e-002
    6.9754839244859049e-002 -1.0251901937488008e+003
    -6.5721645694756944e+002 1.0688550437414553e+003
    1.4369368637382457e-001 -7.1252583710503414e-002
    6.9843054915749034e-002 -1.0251034214210677e+003
    -6.5437502791147494e+002 1.0694594812328050e+003
    1.4335865409312140e-001 -7.0445296947613145e-002
    7.0225367728615623e-002 -1.0242010958930591e+003
    -6.5122871281372034e+002 1.0705730587266930e+003
    1.4238064443927623e-001 -6.8877482984541050e-002
    6.9737197903210660e-002 -1.0239044940562459e+003
    -6.4718827317569344e+002 1.0724485270648925e+003
    1.4390897605360373e-001 -6.8392045315532182e-002
    6.8817587116677473e-002 -1.0236712798325158e+003
    -6.4219759805908575e+002 1.0733422331980062e+003
    1.4264088912177245e-001 -6.7185020577269827e-002
    6.7550425539711551e-002 -1.0231403859668609e+003
