<?xml version="1.0"?>
<opencv_storage>
<calibration_Time>"12/06/13 18:14:57"</calibration_Time>
<nrOfFrames>50</nrOfFrames>
<image_Width>644</image_Width>
<image_Height>486</image_Height>
<board_Width>8</board_Width>
<board_Height>6</board_Height>
<square_Size>137.</square_Size>
<FixAspectRatio>1.</FixAspectRatio>
<!-- flags:  +fix_aspectRatio +fix_principal_point +zero_tangent_dist -->
<flagValue>14</flagValue>
<Camera_Matrix type_id="opencv-matrix">
  <rows>3</rows>
  <cols>3</cols>
  <dt>d</dt>
  <data>
    5.2292199650555824e+002 0. 3.2150000000000000e+002 0.
    5.2292199650555824e+002 2.4250000000000000e+002 0. 0. 1.</data></Camera_Matrix>
<Distortion_Coefficients type_id="opencv-matrix">
  <rows>5</rows>
  <cols>1</cols>
  <dt>d</dt>
  <data>
    -4.4130198414853933e-001 1.8904713764279116e-001 0. 0.
    4.0556612081883164e-001</data></Distortion_Coefficients>
<Avg_Reprojection_Error>1.8622223687711534e-001</Avg_Reprojection_Error>
<Per_View_Reprojection_Errors type_id="opencv-matrix">
  <rows>50</rows>
  <cols>1</cols>
  <dt>f</dt>
  <data>
    2.41802022e-001 2.49924555e-001 2.19632342e-001 2.17932165e-001
    2.32509613e-001 2.06591114e-001 2.17265338e-001 2.34831885e-001
    1.99827343e-001 2.14050889e-001 1.97288945e-001 1.83203086e-001
    1.99137047e-001 2.19680592e-001 1.75871074e-001 1.78150743e-001
    1.59461677e-001 1.65055692e-001 1.90665662e-001 1.70755267e-001
    1.54450163e-001 1.53427675e-001 1.78890258e-001 1.59166545e-001
    1.56155303e-001 1.67886585e-001 1.42275468e-001 1.73306450e-001
    1.50094852e-001 1.44110888e-001 1.91475838e-001 1.62466317e-001
    1.54032633e-001 1.99193522e-001 1.68691710e-001 1.75294638e-001
    1.98566869e-001 1.70810938e-001 1.60371944e-001 1.83499932e-001
    1.71624362e-001 1.80852622e-001 1.88672632e-001 1.96996257e-001
    1.71470255e-001 1.75780594e-001 1.97287098e-001 1.71833873e-001
    1.76196128e-001 1.74068496e-001</data></Per_View_Reprojection_Errors>
<!-- a set of 6-tuples (rotation vector + translation vector) for each view -->
<Extrinsic_Parameters type_id="opencv-matrix">
  <rows>50</rows>
  <cols>6</cols>
  <dt>d</dt>
  <data>
    2.2871872884552386e-001 -8.6821781042840551e-002
    1.5013392823202960e+000 3.1801026639801404e+002
    -4.2443854701200655e+002 1.6200642922982602e+003
    2.2539418769068881e-001 -8.5507781736205019e-002
    1.5011848986899534e+000 3.1648060240200459e+002
    -4.2852962894933353e+002 1.6179832062881928e+003
    2.2217348754877764e-001 -8.8257836256824845e-002
    1.5007692996164070e+000 3.1491236571834594e+002
    -4.3209238994408508e+002 1.6156032106234225e+003
    2.1784600545684585e-001 -9.0014900218884794e-002
    1.5008414100808001e+000 3.1325760595041532e+002
    -4.3541874897828080e+002 1.6139838107463786e+003
    2.1495421341170584e-001 -8.9629704753994593e-002
    1.5003957218819439e+000 3.1089195631284736e+002
    -4.3841880946477755e+002 1.6123177126713397e+003
    2.1078078519346496e-001 -9.0927541538634832e-002
    1.5000502148524635e+000 3.0840575869735312e+002
    -4.4129645535951050e+002 1.6107254950013162e+003
    2.0737969338163370e-001 -9.4703457929238524e-002
    1.4993847560738010e+000 3.0551872256219519e+002
    -4.4351294596451010e+002 1.6088744659700487e+003
    2.0217513376426874e-001 -9.6866172789092236e-002
    1.4990564646986446e+000 3.0266806006624824e+002
    -4.4577998377745530e+002 1.6083803060467460e+003
    1.9738339532195448e-001 -9.9763720964384364e-002
    1.4987214433744012e+000 2.9954801756894238e+002
    -4.4760223389292213e+002 1.6091280843793634e+003
    1.9002726590054755e-001 -1.0409787729713685e-001
    1.4985919550103619e+000 2.9645399938883827e+002
    -4.4942071379118761e+002 1.6105447788473614e+003
    1.8557956683035776e-001 -1.0568052723256743e-001
    1.4980148606742698e+000 2.9243596182885273e+002
    -4.5080887471090603e+002 1.6115108890241861e+003
    1.8098343694198044e-001 -1.0936282818414936e-001
    1.4972660376190274e+000 2.8824820395643042e+002
    -4.5195913400090529e+002 1.6120244911436646e+003
    1.7440612497144523e-001 -1.1262617799391896e-001
    1.4964290562175515e+000 2.8351179355700714e+002
    -4.5327404716803494e+002 1.6138700225363934e+003
    1.6745844892809722e-001 -1.1681672307740092e-001
    1.4957971325875072e+000 2.7879267101964336e+002
    -4.5425059164941212e+002 1.6164878132870851e+003
    1.6176473106767031e-001 -1.2085213868640285e-001
    1.4955182626420243e+000 2.7407367136167574e+002
    -4.5484115731657027e+002 1.6180471581164147e+003
    1.5467228557732585e-001 -1.2539611129053907e-001
    1.4952621068809118e+000 2.6888501046861006e+002
    -4.5523280746770763e+002 1.6206842231171265e+003
    1.5059173715340257e-001 -1.2892051877956440e-001
    1.4955718644235718e+000 2.6423640704750454e+002
    -4.5532131123193557e+002 1.6219102013312013e+003
    1.4186913814648552e-001 -1.3188302899794146e-001
    1.4956545249965607e+000 2.5911421761341859e+002
    -4.5585841231593764e+002 1.6256666000832472e+003
    1.3641967093519550e-001 -1.3529258049046367e-001
    1.4966189242254957e+000 2.5448592157894856e+002
    -4.5538780627167819e+002 1.6273096224520216e+003
    1.3005920424371095e-001 -1.3574624378920780e-001
    1.4977465119645388e+000 2.5011746503064001e+002
    -4.5501050203122156e+002 1.6302381672620629e+003
    1.2487512790427181e-001 -1.3911147790882955e-001
    1.4991084062457167e+000 2.4580592909224697e+002
    -4.5385854295398229e+002 1.6321131161182811e+003
    1.2021201781424015e-001 -1.3910131306643456e-001
    1.5007323512625437e+000 2.4179796732954321e+002
    -4.5258291547346073e+002 1.6335946873820205e+003
    1.1447662053856815e-001 -1.4260088562799922e-001
    1.5020496914376391e+000 2.3807516656185172e+002
    -4.5114616729906123e+002 1.6355814650124164e+003
    1.0898014323503410e-001 -1.4422669132642965e-001
    1.5038920548717871e+000 2.3473484875592442e+002
    -4.4956681921453287e+002 1.6376619914634582e+003
    1.0508698466919462e-001 -1.4417040024130268e-001
    1.5062230358576914e+000 2.3180265420599272e+002
    -4.4761790501541316e+002 1.6390288495677794e+003
    1.0004494092837680e-001 -1.4678512153896228e-001
    1.5073022289859510e+000 2.2867630155334930e+002
    -4.4593095704763556e+002 1.6414262118930592e+003
    9.7503633864783931e-002 -1.4547145925381141e-001
    1.5088268323650471e+000 2.2585506984978764e+002
    -4.4413596035849264e+002 1.6426930353654802e+003
    9.4891382209979475e-002 -1.4453675788433948e-001
    1.5099958602349921e+000 2.2321247781518150e+002
    -4.4270024600380265e+002 1.6442155012515875e+003
    9.1661471345697257e-002 -1.4602770416176572e-001
    1.5109972535358818e+000 2.2114297894995028e+002
    -4.4093836634564497e+002 1.6459849763135458e+003
    8.9727481165018413e-002 -1.4628550856417166e-001
    1.5123212264945003e+000 2.1923314377995422e+002
    -4.3940637724393594e+002 1.6471775274774357e+003
    8.7544398963748701e-002 -1.4545321797968194e-001
    1.5129501586009690e+000 2.1764520588597276e+002
    -4.3834698331277912e+002 1.6482544364172697e+003
    8.4755917951598481e-002 -1.4596598750811146e-001
    1.5134725139041592e+000 2.1608479948241660e+002
    -4.3681247799081126e+002 1.6501254734961701e+003
    8.3099756222030280e-002 -1.4556801661287752e-001
    1.5137954516870260e+000 2.1470467799228402e+002
    -4.3591331544768576e+002 1.6508546033621533e+003
    8.2318229433066145e-002 -1.4453517872033611e-001
    1.5141171928694646e+000 2.1370759196099959e+002
    -4.3488421334864472e+002 1.6511902757256889e+003
    8.0567958548981231e-002 -1.4418739782096082e-001
    1.5139236793409989e+000 2.1265031290257420e+002
    -4.3379951316249316e+002 1.6515907290641512e+003
    8.0373663424759809e-002 -1.4285348631266859e-001
    1.5136711300452885e+000 2.1204135749904367e+002
    -4.3327285051164955e+002 1.6516368156406984e+003
    8.1321099079836270e-002 -1.4148807932807098e-001
    1.5131380893261590e+000 2.1138982737071925e+002
    -4.3266330310633344e+002 1.6506693588919038e+003
