<?xml version="1.0"?>
<opencv_storage>
<calibration_Time>"12/06/13 17:38:31"</calibration_Time>
<nrOfFrames>50</nrOfFrames>
<image_Width>644</image_Width>
<image_Height>486</image_Height>
<board_Width>8</board_Width>
<board_Height>6</board_Height>
<square_Size>137.</square_Size>
<FixAspectRatio>1.</FixAspectRatio>
<!-- flags:  +fix_aspectRatio +fix_principal_point +zero_tangent_dist -->
<flagValue>14</flagValue>
<Camera_Matrix type_id="opencv-matrix">
  <rows>3</rows>
  <cols>3</cols>
  <dt>d</dt>
  <data>
    4.6253228275005512e+002 0. 3.2150000000000000e+002 0.
    4.6253228275005512e+002 2.4250000000000000e+002 0. 0. 1.</data></Camera_Matrix>
<Distortion_Coefficients type_id="opencv-matrix">
  <rows>5</rows>
  <cols>1</cols>
  <dt>d</dt>
  <data>
    -3.3014286732192333e-001 -1.3839009467530410e-003 0. 0.
    3.7936368272820276e-001</data></Distortion_Coefficients>
<Avg_Reprojection_Error>1.5959075311742690e+000</Avg_Reprojection_Error>
<Per_View_Reprojection_Errors type_id="opencv-matrix">
  <rows>50</rows>
  <cols>1</cols>
  <dt>f</dt>
  <data>
    2.82824963e-001 2.85538256e-001 2.73585916e-001 2.81797588e-001
    2.59827346e-001 2.66635031e-001 2.67994612e-001 2.48471633e-001
    2.63126731e-001 2.67745256e-001 2.89056480e-001 2.60875851e-001
    2.45090678e-001 2.80170470e-001 2.53112406e-001 2.48366132e-001
    2.94748753e-001 2.60183752e-001 2.68176943e-001 2.82023847e-001
    2.56107539e-001 2.54541874e-001 2.66735584e-001 2.58968562e-001
    2.64522135e-001 2.70470679e-001 2.63803959e-001 2.84092814e-001
    2.95564830e-001 2.88730651e-001 4.56425011e-001 1.69035876e+000
    2.75277519e+000 2.92968512e+000 5.00830984e+000 3.39226127e+000
    3.70506358e+000 3.48808146e+000 4.06276178e+000 8.18272412e-001
    9.36515927e-001 2.56617570e+000 2.55844760e+000 1.85259390e+000
    6.29150867e-001 6.45375669e-001 1.04316032e+000 2.04256296e+000
    1.54059839e+000 6.24089360e-001</data></Per_View_Reprojection_Errors>
<!-- a set of 6-tuples (rotation vector + translation vector) for each view -->
<Extrinsic_Parameters type_id="opencv-matrix">
  <rows>50</rows>
  <cols>6</cols>
  <dt>d</dt>
  <data>
    7.5944876645698822e-002 7.1019514124971594e-002
    1.5709199890309049e+000 3.1160784030622187e+002
    -2.0504830027729608e+002 1.5216316248174287e+003
    7.5999647109312035e-002 7.6769114921743153e-002
    1.5723930224146205e+000 3.1094154402251979e+002
    -2.0455015187240244e+002 1.5209746486149797e+003
    7.3618853086718103e-002 7.9744772124256014e-002
    1.5739189477661499e+000 3.1060188393847471e+002
    -2.0408163072806283e+002 1.5216173427965437e+003
    7.2901667230872727e-002 8.4792477929870630e-002
    1.5752550884614422e+000 3.0997809650310853e+002
    -2.0369011639096192e+002 1.5214045263424844e+003
    7.1376928864684719e-002 8.9294300639248883e-002
    1.5768802455011375e+000 3.0987669209927611e+002
    -2.0336284525616432e+002 1.5215719614315030e+003
    6.9081295438557247e-002 9.2640547631215334e-002
    1.5782475457792153e+000 3.0952676703042027e+002
    -2.0315969875573927e+002 1.5225294056667590e+003
    6.8314926882559940e-002 9.7008542132378611e-002
    1.5792196484327066e+000 3.0899207929987887e+002
    -2.0326598356723321e+002 1.5223256586803986e+003
    6.6205550740076224e-002 1.0110989682202139e-001
    1.5805698082079320e+000 3.0875833414890786e+002
    -2.0359674717054821e+002 1.5227346720732733e+003
    6.4629437063342107e-002 1.0606678723974060e-001
    1.5813079687211173e+000 3.0815153840451887e+002
    -2.0441414409390600e+002 1.5226794254641625e+003
    6.4057489244021340e-002 1.1026851995270948e-001
    1.5817993597818802e+000 3.0731680795593400e+002
    -2.0511054631074202e+002 1.5222640193771274e+003
    -1.1309219922487841e-001 6.1390213888486679e-002
    -1.5544335813182024e+000 -3.8898863074852392e+002
    7.4377332292881124e+002 1.5668002112422027e+003
    6.0916911969152429e-002 1.1875072155056426e-001
    1.5834713233657149e+000 3.0643073260021345e+002
    -2.0710083326167882e+002 1.5206306743104958e+003
    5.9599250187128930e-002 1.2286830145067507e-001
    1.5838485716348998e+000 3.0570651465134796e+002
    -2.0823632547316379e+002 1.5195733941445776e+003
    5.7493658821436068e-002 1.2791807621435614e-001
    1.5846383912947779e+000 3.0540811634129477e+002
    -2.0973356192035803e+002 1.5174831347206089e+003
    5.6213898360548735e-002 1.3131452514529643e-001
    1.5849138326514809e+000 3.0461368460721894e+002
    -2.1101792497406291e+002 1.5161434586461348e+003
    5.2321670854186549e-002 1.3613460785335357e-001
    1.5852092451192281e+000 3.0380913927711845e+002
    -2.1279030837814358e+002 1.5154034354101207e+003
    5.2261876879274187e-002 1.3972650917257917e-001
    1.5853655910167410e+000 3.0298607346508703e+002
    -2.1467849843702112e+002 1.5117885978695876e+003
    4.8653060527890014e-002 1.4453259368153615e-001
    1.5854153509500877e+000 3.0209662545182903e+002
    -2.1680854363984000e+002 1.5106846450307225e+003
    4.5100246072184463e-002 1.4993523630690705e-001
    1.5856853247415563e+000 3.0114645708746605e+002
    -2.1896583312431395e+002 1.5095419670251526e+003
    4.1816340494755522e-002 1.5428015256151140e-001
    1.5858574218460948e+000 3.0032470882942482e+002
    -2.2143920907554465e+002 1.5075382977688348e+003
    3.5333493854398781e-002 1.6058792789184795e-001
    1.5861236584456710e+000 2.9964087933221782e+002
    -2.2391554061830419e+002 1.5078489813206645e+003
    2.9527283623689855e-002 1.6788659559607572e-001
    1.5862047957255787e+000 2.9876840470954647e+002
    -2.2628314836460737e+002 1.5073207129855273e+003
    2.4443359972270026e-002 1.7324094579055460e-001
    1.5866534261157130e+000 2.9824141744193417e+002
    -2.2839664910738261e+002 1.5059497463081193e+003
    1.6498460650830656e-002 1.8092390759298560e-001
    1.5872918130382629e+000 2.9785204737978108e+002
    -2.2999660862695043e+002 1.5069065518272846e+003
    8.0651115783196628e-003 1.8844079609304729e-001
    1.5880945650863960e+000 2.9757461836729175e+002
    -2.3114298269419547e+002 1.5075142618473578e+003
    1.1153623607572082e-004 1.9690100212850606e-001
    1.5890377371891240e+000 2.9753098234040425e+002
    -2.3196577908336775e+002 1.5080140708136653e+003
    -8.4675644662040896e-003 2.0437573572038104e-001
    1.5899184422456296e+000 2.9733351415265724e+002
    -2.3247824486736241e+002 1.5090861117290196e+003
    -1.8136839840425877e-002 2.1500304982475840e-001
    1.5908279449012421e+000 2.9734226701288975e+002
    -2.3282265633115227e+002 1.5104536161297594e+003
    -2.8535268815248271e-002 2.2477853733990769e-001
    1.5920876175393501e+000 2.9765926947842047e+002
    -2.3282649050810662e+002 1.5123282014174604e+003
    -2.3459325421569024e-001 -3.8946036951845842e-002
    -1.5356016439811031e+000 -4.1936545462886630e+002
    6.9942741531091099e+002 1.4368129265897414e+003
    -4.9915137410370160e-002 2.5205273573991804e-001
    1.5930335545430310e+000 2.9764004087955857e+002
    -2.3194375926079988e+002 1.5177250114539481e+003
    -2.7794755851715380e-001 -6.1794614701477901e-002
    -1.5290210978091041e+000 -4.2421418742292349e+002
    6.9334044631512018e+002 1.4145560858846918e+003
    -7.1623844273594556e-002 3.0514196980776842e-001
    1.5937967471555394e+000 2.9965961857865881e+002
    -2.2993628674228887e+002 1.5251540515748807e+003
    -8.1610834653935913e-002 3.1869181186550882e-001
    1.5940106688299065e+000 2.9965527461358812e+002
    -2.2851857506528938e+002 1.5267596742762094e+003
    -2.9838518147525966e-001 -1.5122031469223274e-001
    -1.5044485433259516e+000 -4.4092575381944198e+002
    6.7456980523462130e+002 1.3356420567204532e+003
    -3.4216920221083630e-001 -1.4981427367992878e-001
    -1.5066260047035560e+000 -4.4209910788649984e+002
    6.7581581957221829e+002 1.3320787981782610e+003
    -3.8538689253718839e-001 -1.4837436948247368e-001
    -1.5010703585328471e+000 -4.4462643089134389e+002
    6.7204021708476182e+002 1.3262949096761909e+003
