<?xml version="1.0"?>
<opencv_storage>
<calibration_Time>"12/06/13 17:56:40"</calibration_Time>
<nrOfFrames>50</nrOfFrames>
<image_Width>644</image_Width>
<image_Height>486</image_Height>
<board_Width>8</board_Width>
<board_Height>6</board_Height>
<square_Size>137.</square_Size>
<FixAspectRatio>1.</FixAspectRatio>
<!-- flags:  +fix_aspectRatio +fix_principal_point +zero_tangent_dist -->
<flagValue>14</flagValue>
<Camera_Matrix type_id="opencv-matrix">
  <rows>3</rows>
  <cols>3</cols>
  <dt>d</dt>
  <data>
    5.0509640656125509e+002 0. 3.2150000000000000e+002 0.
    5.0509640656125509e+002 2.4250000000000000e+002 0. 0. 1.</data></Camera_Matrix>
<Distortion_Coefficients type_id="opencv-matrix">
  <rows>5</rows>
  <cols>1</cols>
  <dt>d</dt>
  <data>
    -3.5911730913268475e-001 8.2175017880686585e-001 0. 0.
    -4.8924531601614545e+000</data></Distortion_Coefficients>
<Avg_Reprojection_Error>1.5511343824079102e+000</Avg_Reprojection_Error>
<Per_View_Reprojection_Errors type_id="opencv-matrix">
  <rows>50</rows>
  <cols>1</cols>
  <dt>f</dt>
  <data>
    1.80759084e+000 1.84333634e+000 1.81712472e+000 1.75376737e+000
    1.78191221e+000 1.79076445e+000 1.88312471e+000 1.91125309e+000
    1.95181596e+000 1.81097388e+000 1.78544700e+000 1.72870255e+000
    1.73559284e+000 1.76146793e+000 1.62291873e+000 1.54534459e+000
    1.60726035e+000 2.22888398e+000 1.33082783e+000 1.40408790e+000
    1.23247147e+000 1.16569173e+000 1.09070027e+000 1.15952933e+000
    9.95369792e-001 8.95752728e-001 8.00174057e-001 7.09628701e-001
    5.85867643e-001 6.14342749e-001 5.61602831e-001 6.25859678e-001
    4.81800348e-001 4.27178919e-001 4.29044545e-001 3.84394526e-001
    3.77729148e-001 3.93208921e-001 3.75463486e-001 3.74565035e-001
    3.81107837e-001 3.79951626e-001 3.82037997e-001 4.21274930e-001
    1.50815618e+000 4.99181938e+000 2.68178701e+000 3.37227631e+000
    5.20378947e-001 4.87942994e-001</data></Per_View_Reprojection_Errors>
<!-- a set of 6-tuples (rotation vector + translation vector) for each view -->
<Extrinsic_Parameters type_id="opencv-matrix">
  <rows>50</rows>
  <cols>6</cols>
  <dt>d</dt>
  <data>
    2.4377286990170244e-001 -1.1122231628489998e+000
    -9.1995388444984372e-001 -2.6601070618568178e+002
    2.5977516112887707e+002 1.5910141380959044e+003
    2.4425353444049666e-001 -1.1117640250171561e+000
    -9.1997214588232779e-001 -2.6605420656053002e+002
    2.5998357259140647e+002 1.5912346731048253e+003
    2.4491810925372723e-001 -1.1116645845463611e+000
    -9.1992249566630979e-001 -2.6594555616335896e+002
    2.6040446514027803e+002 1.5914169824927951e+003
    2.6055966578254547e-001 -1.1046919886015869e+000
    -9.1783083566066925e-001 -2.6198267409372158e+002
    2.7003557408553718e+002 1.5845333315242713e+003
    2.6290442645719481e-001 -1.1048307493028870e+000
    -9.1820898781183213e-001 -2.6028013168605963e+002
    2.7168022620564278e+002 1.5840872094051595e+003
    2.6315523116340006e-001 -1.1050872869040904e+000
    -9.1823114526301597e-001 -2.5988128889947069e+002
    2.7181833958571127e+002 1.5842835096756505e+003
    2.6070604434499622e-001 -1.1078779919968091e+000
    -9.1588892210961481e-001 -2.5717101727658371e+002
    2.6956871891589122e+002 1.5837797077419009e+003
    2.6031267232626532e-001 -1.1084552868201552e+000
    -9.1574177079534080e-001 -2.5667460604844496e+002
    2.6920153648393682e+002 1.5833126358789361e+003
    2.5897318092244365e-001 -1.1078015114381916e+000
    -9.1567095613852634e-001 -2.5695777145667012e+002
    2.6895477079715789e+002 1.5830355022356289e+003
    2.6155649303314810e-001 -1.1084629978605023e+000
    -9.1669788739384317e-001 -2.5610871654005541e+002
    2.6949819841308977e+002 1.5829816738089166e+003
    2.5017282183715767e-001 -1.1049961997358997e+000
    -9.2044862501405833e-001 -2.5686352843071126e+002
    2.6755775027795073e+002 1.5856530747257232e+003
    2.4454751284060258e-001 -1.1000756508481941e+000
    -9.2710279096548021e-001 -2.5804276729616845e+002
    2.6753141624296927e+002 1.5853018971236338e+003
    2.3462056131864756e-001 -1.0964663645095811e+000
    -9.3198874779654806e-001 -2.5963432903740488e+002
    2.6646668767923387e+002 1.5854685565559892e+003
    2.3109944914061134e-001 -1.0951100289467459e+000
    -9.3412212116161331e-001 -2.6024012332853658e+002
    2.6610983581838940e+002 1.5853134586502397e+003
    2.2882918571424024e-001 -1.0924266906478863e+000
    -9.3816549591335774e-001 -2.6093143091729547e+002
    2.6689916518886383e+002 1.5852570066316935e+003
    2.2367456254897888e-001 -1.0894768751610024e+000
    -9.4128180186512944e-001 -2.6228265502858125e+002
    2.6669495940180042e+002 1.5863025954894549e+003
    2.0737101123136392e-001 -1.0829935121358976e+000
    -9.4906995632590208e-001 -2.6575077005773829e+002
    2.6534716338278429e+002 1.5880062526016932e+003
    1.9975720476436895e-001 -1.0820903730394529e+000
    -9.5087641901784270e-001 -2.6685795845270218e+002
    2.6428940831713857e+002 1.5879395686402208e+003
    1.9166690561025368e-001 -1.0732716978061665e+000
    -9.6001346707167912e-001 -2.7012409192958751e+002
    2.6584374782654669e+002 1.5899008387826609e+003
    1.8617719365064703e-001 -1.0701141735452833e+000
    -9.6371186951135768e-001 -2.7167797425501300e+002
    2.6595957850984234e+002 1.5902024867922596e+003
    1.8076209860077952e-001 -1.0657332146496166e+000
    -9.6791942124363273e-001 -2.7351477797155292e+002
    2.6645913019379071e+002 1.5914318394286386e+003
    1.7530097434104738e-001 -1.0622963863051649e+000
    -9.7167692350265289e-001 -2.7508478188004727e+002
    2.6649295468075428e+002 1.5917638118385521e+003
    1.6948598962574488e-001 -1.0584043414982620e+000
    -9.7540407114977068e-001 -2.7692518282700337e+002
    2.6660346165908106e+002 1.5926038005956100e+003
    1.6471751031250459e-001 -1.0535631285091638e+000
    -9.7987808223164841e-001 -2.7897161958715066e+002
    2.6734273737410223e+002 1.5934522288740432e+003
    1.5881427992157418e-001 -1.0501814793796274e+000
    -9.8263491876573006e-001 -2.8070051879194756e+002
    2.6700135186744166e+002 1.5935265725184299e+003
    1.5396430889642165e-001 -1.0460703908678939e+000
    -9.8638689697197879e-001 -2.8254407587942745e+002
    2.6751891305052226e+002 1.5946957056468857e+003
    1.4761182100415934e-001 -1.0425659231443467e+000
    -9.8937321875521700e-001 -2.8436912218168135e+002
    2.6745916423950058e+002 1.5943041301674759e+003
    1.4255119601193195e-001 -1.0391430938320163e+000
    -9.9253561838152338e-001 -2.8606426765928592e+002
    2.6768207707072060e+002 1.5946574617833560e+003
    1.3778681155215847e-001 -1.0358591339775012e+000
    -9.9598632566317702e-001 -2.8766974636008587e+002
    2.6813034095976820e+002 1.5951820079451600e+003
    1.3262892184292130e-001 -1.0317508610957622e+000
    -9.9943892665390466e-001 -2.8947253066115894e+002
    2.6870358126456210e+002 1.5948569925123306e+003
    1.2816129069763954e-001 -1.0274791398034697e+000
    -1.0037426140184929e+000 -2.9116329846958826e+002
    2.6971653594603038e+002 1.5955168458064320e+003
    1.2395654556079881e-001 -1.0223962274835219e+000
    -1.0088113762832058e+000 -2.9292030095379891e+002
    2.7098631302341556e+002 1.5953605673320283e+003
    1.1748966464655676e-001 -1.0180338761760908e+000
    -1.0141500346461163e+000 -2.9455969035402688e+002
    2.7187026919092381e+002 1.5946819051698740e+003
    1.1079037352211724e-001 -1.0121695526706318e+000
    -1.0201748150589949e+000 -2.9653998145635916e+002
    2.7315219962926727e+002 1.5952461223096786e+003
    1.0343357036430198e-001 -1.0056798212347626e+000
    -1.0276821466758665e+000 -2.9820238591561923e+002
    2.7494540809862042e+002 1.5946238633594867e+003
    9.4983949246985958e-002 -9.9795339298467844e-001
    -1.0362658214364797e+000 -3.0015151450289096e+002
    2.7695485129856331e+002 1.5940742657565013e+003
    8.5754024022139663e-002 -9.8819762322795257e-001
    -1.0464469585814464e+000 -3.0237262512330631e+002
