<?xml version="1.0"?>
<opencv_storage>
<calibration_Time>"11/22/13 21:09:25"</calibration_Time>
<nrOfFrames>4</nrOfFrames>
<image_Width>640</image_Width>
<image_Height>480</image_Height>
<board_Width>9</board_Width>
<board_Height>6</board_Height>
<square_Size>25.</square_Size>
<FixAspectRatio>1.</FixAspectRatio>
<!-- flags:  +fix_aspectRatio +fix_principal_point +zero_tangent_dist -->
<flagValue>14</flagValue>
<Camera_Matrix type_id="opencv-matrix">
  <rows>3</rows>
  <cols>3</cols>
  <dt>d</dt>
  <data>
    6.6369904022332037e+002 0. 3.1950000000000000e+002 0.
    6.6369904022332037e+002 2.3950000000000000e+002 0. 0. 1.</data></Camera_Matrix>
<Distortion_Coefficients type_id="opencv-matrix">
  <rows>5</rows>
  <cols>1</cols>
  <dt>d</dt>
  <data>
    1.5477932044547144e-001 -2.7133013881161960e+000 0. 0.
    5.9735173293114041e+000</data></Distortion_Coefficients>
<Avg_Reprojection_Error>3.4107114636392838e-001</Avg_Reprojection_Error>
<Per_View_Reprojection_Errors type_id="opencv-matrix">
  <rows>4</rows>
  <cols>1</cols>
  <dt>f</dt>
  <data>
    2.60760605e-001 3.53148460e-001 2.70122290e-001 4.46813315e-001</data></Per_View_Reprojection_Errors>
<!-- a set of 6-tuples (rotation vector + translation vector) for each view -->
<Extrinsic_Parameters type_id="opencv-matrix">
  <rows>4</rows>
  <cols>6</cols>
  <dt>d</dt>
  <data>
    -2.3958702737488524e-001 7.2792706526938214e-002
    -3.5200918826796707e-001 2.2284164518617374e+002
    -4.3535653432767269e+001 1.0790915800563489e+003
    -1.3085776218204830e-002 -2.0806219426978037e-001
    2.3376157096528646e-001 7.5138379193917160e+001
    -1.2579711574781419e+002 6.9584881806996066e+002
    -4.4006516497238739e-003 3.0411944788492140e-001
    1.0959161081484137e+000 -2.0554457044964668e+001
    -1.6045117313059504e+002 8.5181474353539352e+002
    -4.4943660008613484e-001 5.2218998097662161e-001
    1.3143385543460180e+000 1.5976838222936098e+002
    -8.2753371248853085e+001 8.1389716820127376e+002</data></Extrinsic_Parameters>
<Image_points type_id="opencv-matrix">
  <rows>4</rows>
  <cols>54</cols>
  <dt>"2f"</dt>
  <data>
    4.57341034e+002 2.12674561e+002 4.71275848e+002 2.07389816e+002
    4.85520782e+002 2.01866684e+002 4.99637421e+002 1.96635223e+002
    5.13767212e+002 1.91124588e+002 5.27842407e+002 1.85925186e+002
    5.41436035e+002 1.80878067e+002 5.54898132e+002 1.75731583e+002
    5.67964233e+002 1.70625305e+002 4.62872894e+002 2.26788330e+002
    4.77352142e+002 2.21285004e+002 4.91569641e+002 2.15726624e+002
    5.05800140e+002 2.10407257e+002 5.19746277e+002 2.05031876e+002
    5.33934387e+002 1.99561554e+002 5.47439697e+002 1.94452515e+002
    5.61425049e+002 1.89158127e+002 5.74649170e+002 1.84320374e+002
    4.69162079e+002 2.40819656e+002 4.83335205e+002 2.35415344e+002
    4.97710876e+002 2.29729233e+002 5.11853424e+002 2.24409088e+002
    5.26076721e+002 2.19055664e+002 5.40096985e+002 2.13572556e+002
    5.54020813e+002 2.08090866e+002 5.67514954e+002 2.03187988e+002
    5.80073181e+002 1.98306473e+002 4.74827606e+002 2.55263382e+002
    4.89314056e+002 2.49525238e+002 5.03615692e+002 2.44154572e+002
    5.17899475e+002 2.38545288e+002 5.31841919e+002 2.33240646e+002
    5.46313293e+002 2.27449799e+002 5.60356873e+002 2.22294464e+002
    5.73918945e+002 2.16998016e+002 5.86519714e+002 2.11926712e+002
    4.80723541e+002 2.69513641e+002 4.95386261e+002 2.63986755e+002
    5.09772766e+002 2.58338837e+002 5.24157593e+002 2.52818863e+002
    5.38417603e+002 2.47242996e+002 5.52477051e+002 2.41753479e+002
    5.66319885e+002 2.36359497e+002 5.79497620e+002 2.31320511e+002
    5.92957336e+002 2.25969986e+002 4.87003937e+002 2.83869110e+002
    5.01426910e+002 2.78444336e+002 5.15818115e+002 2.72750488e+002
    5.30189453e+002 2.67354156e+002 5.44465332e+002 2.61666321e+002
    5.58853394e+002 2.56089691e+002 5.72803101e+002 2.50514740e+002
    5.85884033e+002 2.45311050e+002 5.99367554e+002 2.39870041e+002
    3.90623444e+002 1.19595161e+002 4.12962708e+002 1.25940910e+002
    4.34760132e+002 1.32130280e+002 4.56212219e+002 1.38292450e+002
    4.77408020e+002 1.44383774e+002 4.97678406e+002 1.50592972e+002
    5.17410828e+002 1.56658218e+002 5.36662659e+002 1.62620514e+002
    5.55359863e+002 1.68692490e+002 3.85483704e+002 1.42715836e+002
    4.07830200e+002 1.48771576e+002 4.29737183e+002 1.54757797e+002
    4.51443054e+002 1.60832397e+002 4.72489960e+002 1.66673035e+002
    4.93092224e+002 1.72784683e+002 5.12851074e+002 1.78601044e+002
    5.32349792e+002 1.84507339e+002 5.50642395e+002 1.90257553e+002
    3.80299713e+002 1.65637802e+002 4.02627533e+002 1.71710724e+002
    4.24705353e+002 1.77592361e+002 4.46315796e+002 1.83414001e+002
    4.67605042e+002 1.89253693e+002 4.88137817e+002 1.95008865e+002
    5.08238403e+002 2.00829468e+002 5.27348816e+002 2.06414932e+002
    5.45828735e+002 2.12019821e+002 3.74708099e+002 1.88755890e+002
    3.97381012e+002 1.94637451e+002 4.19459747e+002 2.00418686e+002
    4.41351410e+002 2.06117233e+002 4.62636841e+002 2.11698074e+002
    4.83262329e+002 2.17405396e+002 5.03268799e+002 2.22871033e+002
    5.22800171e+002 2.28405869e+002 5.41401733e+002 2.33616806e+002
    3.69385681e+002 2.11874161e+002 3.92024719e+002 2.17646988e+002
    4.14315643e+002 2.23235504e+002 4.36133911e+002 2.28843323e+002
    4.57604584e+002 2.34403244e+002 4.78260223e+002 2.39809204e+002
    4.98553802e+002 2.45294189e+002 5.17822327e+002 2.50437180e+002
    5.37016724e+002 2.55723999e+002 3.63975830e+002 2.35156494e+002
    3.86636353e+002 2.40787415e+002 4.09043915e+002 2.46296982e+002
    4.30895874e+002 2.51693939e+002 4.52294434e+002 2.57208893e+002
    4.73327179e+002 2.62494598e+002 4.93430573e+002 2.67591888e+002
    5.13159790e+002 2.72776703e+002 5.32297302e+002 2.77561310e+002
    3.03500244e+002 1.14158859e+002 3.11600983e+002 1.30574982e+002
    3.19824646e+002 1.47258316e+002 3.28230621e+002 1.63870621e+002
    3.36549591e+002 1.81044342e+002 3.45396332e+002 1.98167648e+002
    3.53975983e+002 2.15771805e+002 3.62841278e+002 2.33432632e+002
    3.71815765e+002 2.51459244e+002 2.86662720e+002 1.23670540e+002
    2.94624390e+002 1.40153931e+002 3.02605286e+002 1.56535339e+002
    3.10644623e+002 1.73257019e+002 3.19115204e+002 1.90271927e+002
    3.27546326e+002 2.07577118e+002 3.36165344e+002 2.25028091e+002
    3.44753601e+002 2.42773148e+002 3.53866608e+002 2.60833832e+002
    2.69869720e+002 1.33004425e+002 2.77514771e+002 1.49299683e+002
    2.85444000e+002 1.65871384e+002 2.93406952e+002 1.82418060e+002
    3.01545715e+002 1.99612717e+002 3.09914185e+002 2.16733459e+002
    3.18352203e+002 2.34418961e+002 3.27043274e+002 2.52095352e+002
    3.35962677e+002 2.70291107e+002 2.53337097e+002 1.42424408e+002
    2.60790161e+002 1.58694214e+002 2.68392181e+002 1.75027710e+002
    2.76170563e+002 1.91766479e+002 2.84242340e+002 2.08740295e+002
    2.92488281e+002 2.26229340e+002 3.00829224e+002 2.43644821e+002
    3.09426819e+002 2.61484711e+002 3.18141968e+002 2.79450684e+002
    2.37130005e+002 1.52155212e+002 2.44297089e+002 1.68106186e+002
    2.51562347e+002 1.84419434e+002 2.59212280e+002 2.00987717e+002
    2.67071259e+002 2.18110321e+002 2.75215179e+002 2.35351410e+002
    2.83500549e+002 2.52973999e+002 2.91751648e+002 2.70724884e+002
    3.00457245e+002 2.88715942e+002 2.20415375e+002 1.61082413e+002
    2.27690170e+002 1.77454666e+002 2.34915497e+002 1.93656464e+002
    2.42235291e+002 2.10368652e+002 2.50038879e+002 2.27232239e+002
    2.57856232e+002 2.44663712e+002 2.66063812e+002 2.62096100e+002
    2.74486267e+002 2.79967438e+002 2.82798309e+002 2.97919495e+002
    4.50125977e+002 1.70662476e+002 4.56115448e+002 1.86383301e+002
    4.62293060e+002 2.02306778e+002 4.68668243e+002 2.18860123e+002
    4.75356049e+002 2.35955399e+002 4.82180664e+002 2.53697433e+002
    4.89330750e+002 2.72258942e+002 4.96648895e+002 2.91333008e+002
    5.04216919e+002 3.11346741e+002 4.30159668e+002 1.75731430e+002
