<?xml version="1.0"?>
<opencv_storage>
<CornersAmount>48</CornersAmount>
<Corner_0>
  350 364</Corner_0>
<Corner_1>
  339 369</Corner_1>
<Corner_2>
  328 374</Corner_2>
<Corner_3>
  316 377</Corner_3>
<Corner_4>
  304 383</Corner_4>
<Corner_5>
  291 388</Corner_5>
<Corner_6>
  278 394</Corner_6>
<Corner_7>
  264 398</Corner_7>
<Corner_8>
  340 360</Corner_8>
<Corner_9>
  329 365</Corner_9>
<Corner_10>
  317 369</Corner_10>
<Corner_11>
  305 373</Corner_11>
<Corner_12>
  293 377</Corner_12>
<Corner_13>
  282 383</Corner_13>
<Corner_14>
  268 387</Corner_14>
<Corner_15>
  254 392</Corner_15>
<Corner_16>
  328 356</Corner_16>
<Corner_17>
  318 361</Corner_17>
<Corner_18>
  307 365</Corner_18>
<Corner_19>
  295 369</Corner_19>
<Corner_20>
  282 373</Corner_20>
<Corner_21>
  271 378</Corner_21>
<Corner_22>
  257 382</Corner_22>
<Corner_23>
  245 386</Corner_23>
<Corner_24>
  318 352</Corner_24>
<Corner_25>
  307 357</Corner_25>
<Corner_26>
  297 360</Corner_26>
<Corner_27>
  284 365</Corner_27>
<Corner_28>
  274 368</Corner_28>
<Corner_29>
  260 372</Corner_29>
<Corner_30>
  249 375</Corner_30>
<Corner_31>
  236 381</Corner_31>
<Corner_32>
  309 349</Corner_32>
<Corner_33>
  299 352</Corner_33>
<Corner_34>
  287 355</Corner_34>
<Corner_35>
  275 360</Corner_35>
<Corner_36>
  263 364</Corner_36>
<Corner_37>
  251 367</Corner_37>
<Corner_38>
  237 372</Corner_38>
<Corner_39>
  226 377</Corner_39>
<Corner_40>
  299 345</Corner_40>
<Corner_41>
  288 348</Corner_41>
<Corner_42>
  278 352</Corner_42>
<Corner_43>
  266 355</Corner_43>
<Corner_44>
  255 360</Corner_44>
<Corner_45>
  242 363</Corner_45>
<Corner_46>
  231 366</Corner_46>
<Corner_47>
  217 370</Corner_47>
</opencv_storage>
