<?xml version="1.0"?>
<opencv_storage>
<CameraMatrix type_id="opencv-matrix">
  <rows>3</rows>
  <cols>3</cols>
  <dt>d</dt>
  <data>
    4.6253228275005512e+002 0. 3.2150000000000000e+002 0.
    4.6253228275005512e+002 2.4250000000000000e+002 0. 0. 1.</data></CameraMatrix>
<DistortionCoeffs type_id="opencv-matrix">
  <rows>5</rows>
  <cols>1</cols>
  <dt>d</dt>
  <data>
    -3.3014286732192333e-001 -1.3839009467530410e-003 0. 0.
    3.7936368272820276e-001</data></DistortionCoeffs>
</opencv_storage>
