<?xml version="1.0"?>
<opencv_storage>
<CornersAmount>48</CornersAmount>
<Corner_0>
  269 380</Corner_0>
<Corner_1>
  285 380</Corner_1>
<Corner_2>
  302 380</Corner_2>
<Corner_3>
  319 380</Corner_3>
<Corner_4>
  336 380</Corner_4>
<Corner_5>
  352 379</Corner_5>
<Corner_6>
  369 378</Corner_6>
<Corner_7>
  387 377</Corner_7>
<Corner_8>
  268 387</Corner_8>
<Corner_9>
  285 387</Corner_9>
<Corner_10>
  301 387</Corner_10>
<Corner_11>
  320 387</Corner_11>
<Corner_12>
  337 386</Corner_12>
<Corner_13>
  353 386</Corner_13>
<Corner_14>
  372 386</Corner_14>
<Corner_15>
  388 385</Corner_15>
<Corner_16>
  264 395</Corner_16>
<Corner_17>
  282 395</Corner_17>
<Corner_18>
  300 395</Corner_18>
<Corner_19>
  318 396</Corner_19>
<Corner_20>
  335 395</Corner_20>
<Corner_21>
  355 395</Corner_21>
<Corner_22>
  372 394</Corner_22>
<Corner_23>
  391 393</Corner_23>
<Corner_24>
  263 405</Corner_24>
<Corner_25>
  282 404</Corner_25>
<Corner_26>
  301 404</Corner_26>
<Corner_27>
  318 404</Corner_27>
<Corner_28>
  336 404</Corner_28>
<Corner_29>
  355 402</Corner_29>
<Corner_30>
  375 402</Corner_30>
<Corner_31>
  392 402</Corner_31>
<Corner_32>
  261 412</Corner_32>
<Corner_33>
  280 412</Corner_33>
<Corner_34>
  301 412</Corner_34>
<Corner_35>
  318 412</Corner_35>
<Corner_36>
  340 412</Corner_36>
<Corner_37>
  357 411</Corner_37>
<Corner_38>
  377 411</Corner_38>
<Corner_39>
  396 410</Corner_39>
<Corner_40>
  260 421</Corner_40>
<Corner_41>
  279 422</Corner_41>
<Corner_42>
  298 423</Corner_42>
<Corner_43>
  318 422</Corner_43>
<Corner_44>
  339 422</Corner_44>
<Corner_45>
  360 423</Corner_45>
<Corner_46>
  379 420</Corner_46>
<Corner_47>
  398 419</Corner_47>
</opencv_storage>
