<?xml version="1.0"?>
<opencv_storage>
<CornersAmount>48</CornersAmount>
<Corner_0>
  342 372</Corner_0>
<Corner_1>
  343 380</Corner_1>
<Corner_2>
  345 386</Corner_2>
<Corner_3>
  345 395</Corner_3>
<Corner_4>
  346 402</Corner_4>
<Corner_5>
  347 411</Corner_5>
<Corner_6>
  348 420</Corner_6>
<Corner_7>
  349 432</Corner_7>
<Corner_8>
  326 372</Corner_8>
<Corner_9>
  326 380</Corner_9>
<Corner_10>
  326 387</Corner_10>
<Corner_11>
  326 394</Corner_11>
<Corner_12>
  327 403</Corner_12>
<Corner_13>
  327 411</Corner_13>
<Corner_14>
  329 421</Corner_14>
<Corner_15>
  329 431</Corner_15>
<Corner_16>
  309 371</Corner_16>
<Corner_17>
  310 380</Corner_17>
<Corner_18>
  309 386</Corner_18>
<Corner_19>
  309 394</Corner_19>
<Corner_20>
  308 402</Corner_20>
<Corner_21>
  308 412</Corner_21>
<Corner_22>
  308 422</Corner_22>
<Corner_23>
  309 432</Corner_23>
<Corner_24>
  292 372</Corner_24>
<Corner_25>
  291 380</Corner_25>
<Corner_26>
  291 385</Corner_26>
<Corner_27>
  290 394</Corner_27>
<Corner_28>
  290 402</Corner_28>
<Corner_29>
  289 411</Corner_29>
<Corner_30>
  288 422</Corner_30>
<Corner_31>
  287 432</Corner_31>
<Corner_32>
  276 371</Corner_32>
<Corner_33>
  276 380</Corner_33>
<Corner_34>
  274 387</Corner_34>
<Corner_35>
  272 394</Corner_35>
<Corner_36>
  271 403</Corner_36>
<Corner_37>
  270 411</Corner_37>
<Corner_38>
  268 420</Corner_38>
<Corner_39>
  266 431</Corner_39>
<Corner_40>
  259 372</Corner_40>
<Corner_41>
  258 380</Corner_41>
<Corner_42>
  256 386</Corner_42>
<Corner_43>
  255 394</Corner_43>
<Corner_44>
  252 403</Corner_44>
<Corner_45>
  250 411</Corner_45>
<Corner_46>
  249 420</Corner_46>
<Corner_47>
  247 430</Corner_47>
</opencv_storage>
