<?xml version="1.0"?>
<opencv_storage>
<CameraMatrix type_id="opencv-matrix">
  <rows>3</rows>
  <cols>3</cols>
  <dt>d</dt>
  <data>
    5.0509640656125509e+002 0. 3.2150000000000000e+002 0.
    5.0509640656125509e+002 2.4250000000000000e+002 0. 0. 1.</data></CameraMatrix>
<DistortionCoeffs type_id="opencv-matrix">
  <rows>5</rows>
  <cols>1</cols>
  <dt>d</dt>
  <data>
    -3.5911730913268475e-001 8.2175017880686585e-001 0. 0.
    -4.8924531601614545e+000</data></DistortionCoeffs>
</opencv_storage>
