<?xml version="1.0"?>
<opencv_storage>
<CornersAmount>48</CornersAmount>
<Corner_0>
  339 360</Corner_0>
<Corner_1>
  348 365</Corner_1>
<Corner_2>
  361 368</Corner_2>
<Corner_3>
  372 373</Corner_3>
<Corner_4>
  383 377</Corner_4>
<Corner_5>
  397 384</Corner_5>
<Corner_6>
  410 389</Corner_6>
<Corner_7>
  421 394</Corner_7>
<Corner_8>
  327 364</Corner_8>
<Corner_9>
  338 368</Corner_9>
<Corner_10>
  349 372</Corner_10>
<Corner_11>
  361 378</Corner_11>
<Corner_12>
  372 382</Corner_12>
<Corner_13>
  385 388</Corner_13>
<Corner_14>
  398 395</Corner_14>
<Corner_15>
  410 400</Corner_15>
<Corner_16>
  316 368</Corner_16>
<Corner_17>
  327 372</Corner_17>
<Corner_18>
  337 377</Corner_18>
<Corner_19>
  348 382</Corner_19>
<Corner_20>
  360 388</Corner_20>
<Corner_21>
  372 393</Corner_21>
<Corner_22>
  386 399</Corner_22>
<Corner_23>
  400 406</Corner_23>
<Corner_24>
  303 373</Corner_24>
<Corner_25>
  314 378</Corner_25>
<Corner_26>
  326 382</Corner_26>
<Corner_27>
  338 387</Corner_27>
<Corner_28>
  348 394</Corner_28>
<Corner_29>
  360 399</Corner_29>
<Corner_30>
  372 405</Corner_30>
<Corner_31>
  387 410</Corner_31>
<Corner_32>
  291 377</Corner_32>
<Corner_33>
  301 382</Corner_33>
<Corner_34>
  313 387</Corner_34>
<Corner_35>
  323 393</Corner_35>
<Corner_36>
  337 400</Corner_36>
<Corner_37>
  348 406</Corner_37>
<Corner_38>
  361 411</Corner_38>
<Corner_39>
  375 418</Corner_39>
<Corner_40>
  277 382</Corner_40>
<Corner_41>
  287 387</Corner_41>
<Corner_42>
  299 392</Corner_42>
<Corner_43>
  310 398</Corner_43>
<Corner_44>
  321 405</Corner_44>
<Corner_45>
  333 410</Corner_45>
<Corner_46>
  347 418</Corner_46>
<Corner_47>
  363 426</Corner_47>
</opencv_storage>
