<?xml version="1.0"?>
<opencv_storage>
<CameraMatrix type_id="opencv-matrix">
  <rows>3</rows>
  <cols>3</cols>
  <dt>d</dt>
  <data>
    5.2292199650555824e+002 0. 3.2150000000000000e+002 0.
    5.2292199650555824e+002 2.4250000000000000e+002 0. 0. 1.</data></CameraMatrix>
<DistortionCoeffs type_id="opencv-matrix">
  <rows>5</rows>
  <cols>1</cols>
  <dt>d</dt>
  <data>
    -4.4130198414853933e-001 1.8904713764279116e-001 0. 0.
    4.0556612081883164e-001</data></DistortionCoeffs>
</opencv_storage>
